27 21
26.9072480941
26.9072480941
27.2946881279
26.0959767014
29.4108823397
26.5329983228
27.0739727414
26.7394839142
27.6947648483
27.5680975042
26.7207784318
27.9642629082
27.0554985169
28.7749891399
28.1069386451
29.0516780927
27.0554985169
28.4604989415
28.0891438104
28.7228132327
26.7207784318
24.474476501
24.6779253585
25.2586618806
24.7386337537
27.2396769438
24.4335834457
25.5342906696
24.4540385213
25.3377189186
26.0192236625
24.9198715888
26.1725046566
25.3968501984
27.3678643668
26.0959767014
26.5141471671
24.7991935353
26.3248931622
26.3058928759
27.5317997959
24.8394846967
25.3377189186
25.7681974535
25.903667694
25.3968501984
28.0535202782
25.6515106768
25.3968501984
25.7099202644
26.5894716006
25.8456959666
24.8596057893
26.3818119165
26.2297540972
26.9072480941
26.8700576851
27.6405499222
25.8843582111
27.0185121722
26.8514431642
28.0178514522
25.4558441227
26.1725046566
26.0959767014
26.1533936612
25.6515106768
28.4604989415
25.1992063367
25.5734237051
26.0384331326
26.9814751265
26.4386081328
25.3574446662
26.9629375254
26.0576284416
27.147743921
26.776855678
27.8028775489
26.0192236625
27.440845468
27.2396769438
27.892651362
25.632011236
24.3926218353
24.6779253585
24.9399278267
24.4948974278
26.9443871706
24.1867732449
24.5764114549
24.3310501212
25.3377189186
25.0399680511
24.1453929353
25.5147016443
25.0
26.3248931622
25.8263431403
26.2106848442
24.9198715888
25.903667694
26.0768096208
26.8700576851
24.2280828792
25.0599281723
24.6170672502
25.1594912508
24.6373699895
27.2580263409
24.0
25.2388589282
24.5967477525
25.670995306
25.6124969497
24.289915603
26.0384331326
24.9799919936
26.8700576851
26.5329983228
26.2297540972
25.0599281723
26.4196896272
26.1725046566
26.7020598456
24.4131112315
26.2868788562
26.5518360947
26.9443871706
26.2297540972
28.5657137142
25.9807621135
26.8700576851
25.8456959666
27.0185121722
27.0739727414
26.5141471671
26.7394839142
26.6645832519
27.8028775489
27.4772633281
27.8388218142
26.7020598456
27.5136329844
27.3495886624
28.7749891399
26.0192236625
24.269322199
24.8797106092
25.179356624
24.6981780705
26.7207784318
23.9374184072
25.2982212813
23.7907545067
25.179356624
25.3574446662
24.7991935353
25.2784493195
25.8263431403
26.2106848442
25.8263431403
26.2868788562
24.8394846967
25.7099202644
26.0768096208
26.6833281283
24.7184141886
24.7184141886
24.5560583156
24.7790233867
25.0599281723
25.8069758011
24.0208242989
25.3771550809
24.1660919472
24.2074368738
24.8394846967
24.269322199
24.5153013443
25.436194684
26.5894716006
25.2784493195
26.2488094968
24.5560583156
25.7487863792
26.4575131106
27.3130005675
24.5560583156
22.6053091109
22.3383079037
22.627416998
22.6715680975
24.7790233867
22.0227155455
22.7596133535
22.803508502
23.3238075794
23.0
22.427661492
22.7815714998
22.6936114358
24.4335834457
23.9791576166
23.9791576166
22.2036033112
24.1867732449
24.4540385213
25.2586618806
21.9317121995
22.7815714998
23.0867927612
22.7156333832
23.1084400166
25.2586618806
22.2934968096
23.4946802489
23.1948270095
23.8327505756
23.0434372436
22.427661492
23.4307490277
23.2594066992
24.5560583156
23.6431808351
25.0399680511
22.5166604984
24.1867732449
24.9399278267
25.179356624
22.4722050542
25.2190404258
24.6170672502
25.2784493195
25.079872408
26.8886593195
24.5764114549
25.2388589282
24.8394846967
25.5147016443
25.8843582111
24.6170672502
25.4165300543
24.6170672502
26.5329983228
25.5734237051
26.6833281283
24.4948974278
25.9615099715
25.8650343128
27.4043792121
24.248711306
24.0208242989
24.3104915623
24.3721152139
24.3721152139
25.8069758011
23.769728648
24.6170672502
23.8327505756
24.5764114549
24.8797106092
23.6431808351
24.9599679487
24.8797106092
25.5538646784
25.079872408
26.4386081328
24.5153013443
25.1197133742
25.6124969497
26.4196896272
23.8537208838
24.248711306
23.7486841741
24.474476501
24.1867732449
26.1342686907
23.1084400166
24.269322199
23.8537208838
24.1453929353
24.8596057893
23.4946802489
24.0831891576
23.8746727726
25.495097568
25.2982212813
25.7681974535
23.8327505756
25.099800796
25.5929677841
26.7020598456
23.1516738056
23.4946802489
23.7065391823
23.5159520326
23.3452350599
26.4007575649
23.1948270095
23.3452350599
23.3023603955
24.3926218353
23.4946802489
22.9782505862
24.0831891576
24.1246761636
25.099800796
24.4131112315
25.2190404258
23.1948270095
24.7790233867
25.0
25.5929677841
22.8910462845
23.2808934536
23.2808934536
23.4733891886
23.7276210354
25.7875939165
23.7065391823
24.3104915623
22.2485954613
23.8117617996
23.8746727726
22.7596133535
24.4540385213
24.0
24.7386337537
24.9799919936
25.2586618806
23.4520787991
24.3721152139
24.7991935353
25.5929677841
23.1948270095
24.2280828792
24.5153013443
24.7790233867
24.6170672502
26.3438797446
24.062418831
24.248711306
24.1246761636
25.0199920064
25.2784493195
24.0208242989
25.2388589282
24.7184141886
25.436194684
24.9198715888
25.9807621135
24.3104915623
25.3968501984
25.6124969497
26.495282599
23.5159520326
26.3628526529
26.5141471671
26.3058928759
26.2678510731
27.8208554865
25.8263431403
26.5706605112
25.7681974535
26.3058928759
26.5518360947
26.2106848442
27.2213151776
27.1108834235
28.0891438104
27.3678643668
27.6947648483
26.7394839142
27.8388218142
27.8208554865
28.4253408071
25.4754784057
23.6854385647
24.269322199
24.3310501212
23.4520787991
26.3438797446
23.6854385647
23.8746727726
23.5372045919
24.9399278267
24.8394846967
23.7276210354
24.5153013443
24.5560583156
25.3574446662
24.8797106092
25.7099202644
23.769728648
25.2784493195
25.6904651573
25.8843582111
22.9564805665
23.7486841741
24.2074368738
24.8394846967
24.0208242989
26.1725046566
23.622023622
25.079872408
23.0434372436
24.5153013443
25.5734237051
24.3310501212
24.899799196
24.4540385213
25.7681974535
25.4558441227
25.5734237051
24.248711306
25.0599281723
25.5929677841
25.8650343128
23.4520787991
22.2710574513
23.0651251893
22.5610283454
21.9317121995
24.9198715888
21.4476105895
23.0867927612
21.9317121995
23.4307490277
23.2379000772
21.9544984001
23.4946802489
22.8473193176
24.1246761636
23.622023622
24.4131112315
22.7156333832
23.6643191324
24.474476501
24.3515913238
21.7715410571
23.9791576166
24.9198715888
24.4540385213
24.0831891576
25.7293606605
23.9791576166
25.179356624
23.1084400166
24.7386337537
24.8797106092
24.1453929353
25.436194684
25.5147016443
26.1342686907
25.5929677841
26.4386081328
25.079872408
25.5538646784
26.0
25.9615099715
23.3452350599
23.5372045919
23.9165214862
24.1039415864
23.5584379788
25.5538646784
23.0651251893
23.8956062907
22.6936114358
24.269322199
24.5764114549
23.6643191324
24.3310501212
24.1660919472
25.099800796
25.495097568
25.6904651573
24.248711306
24.6170672502
25.3968501984
25.7487863792
23.2379000772
22.1585198062
22.9128784748
22.9346898824
22.045407685
24.7790233867
22.0680764907
22.2261107709
22.5388553392
23.3666428911
23.1732604525
21.9772609758
22.9128784748
22.825424421
23.6008474424
23.4307490277
24.8797106092
22.7815714998
23.5159520326
24.0
25.0599281723
22.2934968096
24.8797106092
24.5560583156
24.899799196
24.7386337537
26.8700576851
24.6373699895
25.2190404258
24.3721152139
25.4558441227
25.5538646784
24.474476501
25.670995306
25.1197133742
26.4764045897
26.2868788562
26.9629375254
24.9198715888
26.1725046566
26.1916017074
27.0185121722
24.7991935353
23.7486841741
24.7790233867
24.3104915623
23.6854385647
26.2488094968
23.8746727726
24.0208242989
23.8537208838
25.1992063367
23.5796522451
23.0651251893
24.248711306
24.4948974278
24.3310501212
24.6981780705
25.8069758011
24.0416305603
24.9799919936
25.1197133742
25.1992063367
22.9346898824
22.5831795813
23.1948270095
23.0434372436
22.5166604984
25.0
21.6794833887
22.5610283454
22.0680764907
23.0434372436
23.3666428911
22.3159136044
23.1948270095
22.9346898824
24.0831891576
23.4946802489
24.0831891576
22.4499443206
23.9582971014
24.5560583156
25.0
22.4499443206
