24.410788
23	11	0.005291
25	13	0.037037
13	11	0.026455
14	9	0.037037
9	11	0.005291
21	7	0.010582
15	7	0.037037
23	13	0.010582
21	4	0.005291
18	20	0.037037
5	15	0.037037
7	18	0.005291
20	5	0.037037
17	4	0.015873
4	18	0.005291
1	0	0.015873
3	6	0.037037
2	10	0.037037
26	5	0.010582
10	2	0.037037
17	8	0.021164
21	20	0.010582
12	17	0.010582
4	15	0.010582
16	14	0.037037
8	8	0.026455
26	15	0.000000
26	16	0.015873
0	3	0.037037
4	10	0.010582
6	18	0.037037
4	9	0.010582
1	1	0.021164
12	4	0.026455
24	2	0.010582
24	1	0.026455
21	19	0.010582
26	14	0.010582
19	19	0.037037
13	12	0.010582
7	0	0.031746
8	11	0.010582
23	6	0.010582
9	16	0.031746
11	12	0.037037
23	3	0.010582
22	17	0.037037
