1 5
2 7
5 12
9 17
10 18
17 24
24 31
27 33
29 37
31 47
34 29
35 52
36 40
39 45
41 69
42 49
46 52
51 57
54 59
56 60
59 93
60 63
61 65
64 46
70 74
71 75
73 76
75 78
77 79
78 80
79 81
81 83
89 90
91 193
92 191
95 94
96 98
99 102
101 105
102 106
103 107
104 110
106 222
109 111
110 141
111 114
112 116
113 115
115 117
117 118
118 122
119 124
122 125
123 126
124 127
127 128
128 130
129 241
132 132
133 133
134 134
135 135
138 136
142 141
143 142
144 284
145 285
146 143
149 146
151 147
152 148
153 153
154 154
155 155
156 156
157 159
158 160
159 281
161 162
164 164
165 166
166 167
167 168
168 169
169 172
170 173
171 170
172 171
173 174
174 175
176 178
177 180
180 183
182 184
184 312
186 185
187 186
190 189
191 191
192 192
193 47
196 196
199 201
204 206
205 328
207 328
212 208
214 213
215 212
216 219
218 221
221 576
225 770
226 574
227 150
228 249
231 227
233 286
234 232
236 401
237 119
238 121
239 235
240 236
243 238
244 237
245 240
246 241
248 244
251 248
252 363
253 363
254 252
256 255
257 256
259 257
261 402
262 401
264 258
267 261
269 262
270 263
271 268
272 266
273 267
274 264
275 574
279 271
280 272
281 273
282 275
283 276
290 284
292 284
293 295
294 285
295 284
296 285
297 417
298 401
301 429
302 401
303 285
304 284
305 288
306 284
307 285
308 289
309 415
311 435
312 402
313 249
314 295
315 249
316 285
317 249
318 250
319 284
320 250
321 284
322 295
323 284
324 285
325 429
326 575
330 304
334 306
337 310
342 318
343 187
344 188
346 322
347 323
350 324
355 333
356 334
357 337
359 337
360 338
368 352
369 352
371 352
372 352
376 574
377 402
378 352
381 366
382 423
384 356
385 352
386 352
389 1200
398 243
399 417
401 429
403 251
404 361
405 365
406 544
409 433
410 424
413 372
417 375
418 757
419 380
420 381
422 401
423 402
425 227
426 287
427 417
428 352
429 389
430 390
431 352
432 352
433 401
434 402
435 395
436 429
437 396
438 403
440 404
442 569
443 405
444 407
445 433
446 363
447 408
449 1208
450 1208
451 425
452 432
453 351
455 411
456 362
457 363
461 418
463 420
464 417
465 352
466 418
467 419
468 352
469 423
470 436
471 435
472 402
474 904
475 436
476 428
477 362
478 436
479 249
480 249
481 437
482 397
483 402
484 401
485 401
486 402
487 425
488 401
489 401
490 402
491 422
492 421
493 433
494 363
495 436
496 430
497 425
498 430
499 437
500 438
501 249
502 285
503 421
506 860
508 867
515 447
516 445
517 446
519 449
523 456
527 457
528 458
532 461
533 464
538 466
544 468
546 470
557 479
558 480
568 639
569 492
570 494
573 648
574 332
586 794
589 1200
590 534
593 912
594 515
595 447
601 417
602 352
603 447
606 528
607 529
609 530
613 532
614 534
615 47
616 537
620 538
622 539
626 543
639 551
647 734
650 1067
651 1085
652 539
657 562
658 564
661 570
664 558
665 558
666 545
667 352
673 583
675 448
676 586
678 590
683 799
685 596
687 597
690 601
700 474
702 618
707 624
708 481
711 628
712 630
713 631
718 640
723 863
728 643
729 648
730 644
732 645
747 662
748 908
749 1672
754 671
755 1093
756 768
761 1314
763 939
764 667
766 934
774 766
778 481
783 1133
794 542
799 667
803 766
804 768
805 713
810 715
815 552
816 727
819 730
824 715
826 558
827 574
832 768
836 971
837 1085
840 1068
842 559
844 718
845 746
849 762
850 1093
851 1110
852 757
853 1093
854 1133
856 766
858 1107
860 1117
861 784
864 789
872 595
875 1200
883 808
886 810
887 604
890 818
894 826
898 939
899 447
907 1478
910 851
913 853
914 858
928 773
929 518
934 1653
935 822
939 1057
950 882
951 882
952 883
967 914
969 1050
970 766
972 912
975 919
976 912
978 617
981 715
983 718
986 1028
1004 959
1005 772
1007 1133
1008 913
1009 1126
1010 1133
1011 967
1012 991
1013 1514
1017 1006
1018 1687
1022 1352
1024 1426
1027 1536
1028 718
1032 1413
1033 746
1036 715
1037 1637
1040 984
1044 1637
1045 1086
1046 997
1049 1000
1051 998
1052 965
1054 1665
1056 1081
1060 1107
1062 761
1063 1625
1072 1475
1074 1401
1079 1612
1080 1637
1089 1599
1090 1038
1098 1020
1102 1049
1103 1051
1104 975
1107 1086
1110 751
1114 1062
1116 1018
1121 771
1122 1646
1123 913
1129 1111
1132 1088
1133 963
1134 1098
1136 1394
1137 1642
1138 1097
1139 1097
1140 938
1141 1133
1142 940
1143 1091
1144 718
1145 1105
1146 913
1147 1091
1148 774
1149 1105
1150 1611
1151 1058
1152 990
1153 965
1154 1659
1155 1126
1156 1107
1157 1099
1158 1112
1159 1682
1160 746
1161 1119
1162 1679
1163 1132
1164 1385
1166 779
1169 777
1172 447
1181 832
1182 796
1208 1182
1210 1085
1212 832
1232 1198
1237 844
1247 1208
1248 1220
1252 1215
1253 617
1257 832
1261 873
1266 178
1271 1232
1272 773
1281 1242
1282 667
1285 530
1289 1242
1293 877
1297 884
1298 885
1301 891
1308 1268
1310 447
1311 1273
1319 1394
1320 1362
1321 1106
1322 1375
1327 1510
1331 912
1335 1443
1337 1401
1344 1640
1346 1689
1347 920
1348 1468
1349 511
1350 1305
1354 1500
1355 1408
1356 940
1357 1116
1358 1401
1359 990
1361 1472
1363 1325
1366 1472
1373 1667
1378 1689
1382 1609
1387 1077
1388 1125
1393 1689
1394 1028
1397 998
1401 1028
1402 796
1403 1350
1404 1693
1405 1132
1408 1361
1413 1630
1416 1401
1417 997
1421 1689
1422 908
1423 47
1428 1658
1431 1283
1433 1200
1434 1384
1435 1472
1436 1587
1439 1695
1440 950
1442 968
1455 1039
1456 1648
1463 1443
1464 1556
1465 1351
1466 1464
1467 1542
1468 951
1469 1421
1470 1353
1471 1365
1474 1133
1477 1010
1478 1689
1479 1661
1480 1643
1481 1464
1484 1472
1485 1689
1490 1460
1491 1689
1493 1401
1494 1089
1497 1387
1499 992
1500 1110
1505 1658
1508 1432
1510 1352
1512 1460
1513 1689
1514 1689
1515 1091
1519 1496
1520 963
1524 924
1527 746
1528 1606
1529 913
1530 1641
1532 1459
1534 1098
1538 1006
1540 1121
1544 1408
1545 1324
1550 1097
1551 979
1553 1548
1554 1503
1559 977
1560 1464
1561 1104
1564 1513
1566 1321
1572 1670
1575 1526
1576 1432
1578 1040
1579 1472
1581 1468
1583 1468
1590 1515
1591 990
1594 1052
1595 1081
1597 1550
1599 1669
1600 1629
1601 1052
1603 1352
1606 1542
1609 1542
1611 984
1614 939
1615 1462
1616 1615
1620 1351
1622 774
1625 1350
1627 1670
1631 1542
1637 1163
1640 1091
1645 1605
1646 1689
1647 1294
1648 1080
1649 1353
1650 1612
1651 1091
1652 1584
1653 1556
1655 1689
1656 1631
1657 1559
1658 1386
1659 1462
1660 1052
1661 1634
1662 1631
1663 1350
1664 1112
1665 1471
1666 1611
1667 1405
1668 1343
1669 1097
1670 1643
1671 1642
1672 984
1673 1205
1674 1206
1675 1468
1676 1657
1677 1616
1678 1674
1679 1094
1680 1690
1682 1472
1683 1658
1684 1094
1685 1679
1686 1515
1687 950
1688 1374
1689 965
1690 1643
1691 1365
1692 1120
1693 1107
1694 1663
1695 1105
1696 1658
1697 1130
1698 1677
1699 1684
1700 1664
1701 1125
1702 1333
1703 1694
1704 1677
1705 1664
1706 1127
1707 1493
1708 1690
1709 1441
1710 1362
1711 1279
1712 1681
1713 1086
1714 1689
1716 1596
1717 1646
1718 1412
1719 1112
1720 1115
1721 1690
1722 1690
1723 1608
1724 1690
1725 1543
1726 1420
1727 1683
1728 990
1729 1116
1730 1663
1731 1430
1732 1116
1733 1690
1734 1129
1735 1385
1736 1606
1737 1691
1738 1447
1739 1652
